328.000000 40.000000
320.676678 45.000000
313.128540 50.871460
309.000000 59.141539
306.000000 67.879074
300.856885 75.143115
294.000000 80.525718
302.186148 83.813852
309.828985 78.171015
318.081470 74.000000
325.579124 78.579124
325.192253 85.807747
316.963630 86.036370
317.143673 95.143673
325.526506 99.000000
329.186706 90.813294
331.000000 81.584209
337.324899 85.000000
342.000000 92.648221
348.394091 99.394091
351.000000 108.294865
354.315804 116.315804
358.000000 124.769936
353.641164 132.358836
346.000000 128.583421
339.769704 121.769704
331.350990 118.000000
321.370814 118.000000
311.862009 119.137991
303.895743 124.000000
295.158208 127.000000
287.176140 129.823860
279.240410 134.759590
271.304680 139.695320
263.076057 143.923943
254.847434 148.152566
247.497491 154.502509
243.000000 162.619764
236.056914 168.000000
226.905165 170.000000
218.997212 175.002788
209.889909 177.110091
200.692559 179.000000
191.540810 181.000000
181.560634 181.000000
172.408885 179.000000
163.767609 175.767609
155.831879 170.831879
146.196279 170.000000
137.458743 173.000000
127.892781 172.000000
118.326818 171.000000
108.760855 170.000000
98.844917 169.844917
89.214717 169.000000
82.783902 173.783902
87.846141 180.000000
82.173065 184.826935
73.358656 187.641344
63.958460 189.041540
55.617931 193.000000
48.794107 199.205893
43.000000 206.786072
38.922647 215.077353
35.401131 223.598869
30.000000 231.341824
27.650991 240.349009
26.000000 249.645322
27.149401 259.149401
29.963810 267.963810
31.000000 277.514782
33.000000 286.666531
36.285718 295.285718
41.221448 303.221448
48.864285 308.864285
55.800015 314.800015
64.868927 317.000000
73.606463 320.000000
82.758212 322.000000
92.229226 323.229226
101.890137 324.000000
111.029618 323.970382
120.429814 322.570186
128.931170 319.000000
137.668706 316.000000
145.701469 311.298531
151.901136 305.000000
159.158716 299.841284
164.801552 292.198448
167.000000 283.128898
173.608637 282.000000
181.931959 286.000000
189.841067 291.000000
198.994920 292.994920
203.730352 300.000000
213.710528 300.000000
223.690704 300.000000
233.670880 300.000000
243.236843 299.000000
252.802805 298.000000
262.782981 298.000000
272.763157 298.000000
282.743334 298.000000
291.340026 294.659974
298.000000 298.804191
297.000000 308.370153
302.783254 314.783254
311.890557 313.109443
309.880820 304.880820
313.906082 299.000000
323.040892 299.040892
331.623793 301.000000
339.000000 296.052885
346.605441 290.394559
351.000000 282.820455
354.000000 274.082919
357.000000 265.345384
355.000000 256.193635
361.000000 248.698740
364.558354 240.558354
363.451051 232.451051
360.000000 226.486134
361.000000 216.920171
362.000000 207.354209
361.557374 197.557374
362.000000 188.222284
366.778552 180.221448
372.421388 172.578612
378.650011 166.349989
386.414150 167.000000
390.814364 174.814364
395.750094 182.750094
396.000000 191.798329
390.499766 199.500234
386.000000 207.616546
379.214093 214.785907
376.000000 223.434762
375.000000 233.000725
375.000000 242.980901
375.000000 252.961077
375.000000 262.941253
375.000000 272.921429
377.758852 281.758852
383.000000 289.568073
389.751632 296.751632
397.143649 303.000000
405.037305 308.037305
413.265928 312.265928
421.494551 316.494551
429.194296 322.000000
438.346045 322.000000
448.326221 322.000000
457.477970 322.000000
467.323958 321.676042
475.781468 318.000000
484.074098 313.925902
492.302721 309.697279
500.238451 304.761549
505.174180 296.825820
511.524124 289.475876
516.000000 281.349669
519.000000 272.612133
521.381566 263.618434
523.000000 254.308635
522.525149 244.525149
522.000000 234.762496
520.000000 225.610747
516.910347 216.910347
512.000000 208.964104
506.331781 201.331781
501.396051 193.396051
494.822565 188.000000
487.913457 182.000000
478.761708 180.000000
469.195745 179.000000
460.458210 176.000000
451.720674 173.000000
441.740498 173.000000
432.174536 172.000000
423.016113 173.983887
416.000000 175.285251
412.680187 166.680187
407.638608 159.000000
402.515834 151.515834
401.000000 142.163537
400.000000 132.597574
400.000000 123.445825
397.879863 115.000000
389.142327 118.000000
381.000000 119.819005
375.350501 113.350501
369.000000 106.586575
366.000000 97.849040
363.000000 89.111504
360.000000 80.373969
358.000000 71.222220
352.000000 63.727325
346.871460 55.871460
341.000000 48.323322
337.000000 40.000000
