5 200 2

-4.021421697922051 2.014843791956082 
0.9868570016697049 -5.783798086431489 
0.7587590760085732 -5.989047230992583 
-2.7745233420282602 -3.526035867864266 
-2.469865728620789 0.8779624379239976 
-7.150511955842376 0.7109821392223239 
-1.2143807191459928 0.5679815592011437 
-0.05368253709457349 7.895932144951075 
-3.6103084309324913 4.370385020505637 
2.8420029901899397 1.8283901211980265 
1.2417958567093592 6.683978228829801 
-3.2787562326993793 14.328014712504228 
-6.249849148123758 11.210241362223314 
-4.6090707538387505 6.937577811397205 
-0.3715909375459887 2.583582427119836 
1.29092119645793 -0.21011551994888578 
-0.961115417556357 3.6422851102543063 
0.2887594183703186 1.2963237285293872 
1.5140946643223288 -3.6296979333274066 
-2.713237991905771 -0.9681060208440613 
-0.7245068566335249 1.3766109309799504 
2.9285352369770408 0.061497009062804864 
-0.4326888546347618 -0.17816386686445185 
0.8828887018898968 -1.0313616986968555 
1.0415600179694593 -0.4537169401301071 
-0.6080395614681038 -2.7279784977436066 
-0.14577842385915574 -0.5649342727847397 
-1.3112113608913205 -2.5911019000286615 
-0.9029872485407395 -3.568930009379983 
-0.11558487953152508 -0.5207003531977534 
-0.7354710247309413 -1.5029539372771978 
0.10732334373460617 -0.9257793877040967 
1.115280152123887 0.9847523237385758 
1.1700132086407393 0.4052328998805024 
-0.41641808795429824 -1.193294343083835 
-1.0343157190363854 -1.7771540254434512 
-0.3747805077000521 -0.5297829110641032 
-0.8783871419727802 -1.8783343684026477 
-0.6478994416829664 -1.750928852277866 
-0.429498703477293 -0.7071883124299347 
-0.2981812968118902 -2.1626029839972034 
1.3367666294798255 -1.6280719999122084 
-3.7996168974786997 -1.4573392216407228 
-3.080695492819359 -2.1513379277894273 
-1.1171740873945737 -0.1970452950336039 
-2.095858633518219 -0.24431980002555065 
-2.1028724893694744 -2.602556068683043 
-2.6237279810011387 1.462189968675375 
1.9489852008409798 -0.6647025267593563 
-2.0314340523909777 -2.227778521599248 
-5.211989598814398 -0.6409436661342625 
-1.9439007398032118 -1.904213324538432 
-0.020359119749628007 -0.3280377659830265 
-1.0811057221690135 2.3236817990109557 
-6.702612156048417 -2.6363098323636223 
-2.4587397412396967 -5.442631282203365 
7.169637623708695 -0.3912811483023688 
1.3957524623838253 0.36396378581412137 
-0.2913708770302037 -0.561309922253713 
-0.547514486592263 1.6868580935988575 
-4.601329021134006 -2.7486275625415146 
-3.309640978462994 -3.92994828755036 
-2.0663236821856117 -2.2385697559802793 
-1.279515231755795 -1.0505223147301876 
-0.4322721325661405 0.6026968840160407 
0.15829144534654915 -4.1237151918285235 
-0.5583052001529722 -8.21911526704207 
-0.2964815247360093 12.648236753419042 
-0.36134265805594623 6.835449531208724 
-1.0288625326647889 0.4133069549461652 
-1.3472926106333034 2.971892255358398 
-0.7864277022890747 3.654256372297823 
0.9112913687713444 2.3763746951008216 
-2.1454233166296035 0.2728239905627561 
-2.5951217870315304 0.1977440539340023 
-1.3919845536147477 1.5086368236225098 
-1.4176280501997098 2.145401429152116 
1.338682319270447 0.11194425595749635 
1.834715893084649 0.20285612563930044 
0.33764613667153753 1.1065558777263504 
3.6439740546047688 1.9928283827612177 
1.8127828855067492 1.1393620173912495 
-1.3272216593522899 -0.9857913690502755 
-0.002368030807701871 -0.6633911766884921 
2.052599171627662 -1.9601739581648872 
3.835034512914717 0.15565296637214487 
3.3589413119480014 5.248579497056198 
-5.453403470572084 1.7205490454798564 
-2.428184324191534 2.88040659786202 
0.03289705395582132 1.0717103559873067 
-0.7390986278187484 1.179439936298877 
-0.7958870473521529 2.943562641274184 
1.3638929876033217 1.1175118523733545 
-0.20766053100669524 0.9248069754512471 
-2.8561512512969784 0.4269351272669155 
1.3362554404739058 1.6564375503803603 
5.9053489780344535 0.9800723923835903 
8.559031662065536 -0.5895361099392176 
5.654955864476506 -0.20356149785220623 
-0.029069085780065507 0.12266739556798711 
-0.6031454359181225 0.3031504402169958 
1.908408844305086 1.787358758971095 
12.909156933659688 -5.364383164793253 
4.919923978392035 3.8155711330473423 
0.2702068234793842 17.08547311462462 
9.606259552761912 12.470042452216148 
-0.16601883544899465 1.9346885584236588 
-9.697211018763483 1.1715262738289312 
-9.030999424052425 0.14207489584805444 
0.318988701881608 4.1864931330346735 
-2.2064461270347238 3.152223070341279 
0.8897256753989495 1.1096079091075808 
-1.3156892888364382 -1.7738102837465703 
-1.1976441818624153 -3.854535241262056 
-0.3581555511627812 -0.9744801125489175 
0.8954489247480524 -0.9054148954455741 
7.831888984655961 1.6862837446603862 
2.6392908301204443 3.6978559978306293 
-2.73363204812631 3.701602289989694 
2.168511442228919 2.6104357585172693 
0.22906721459003165 1.4105295823683264 
0.9856311094481498 0.48720890017284546 
2.7303139281711992 0.49026155134197325 
3.745273933163844 1.540565782925114 
3.8004190551582724 7.165152433277399 
-0.6803426467376994 12.346832694252953 
-5.297743787174113 8.476628502940684 
-8.829332625493407 2.6577131335507147 
-9.838522552046925 1.676733223372139 
-5.661286886475864 0.14704303872349556 
-3.255041247466579 -1.7582973362877965 
-0.7592134245787747 -0.6215152959339321 
2.793447607080452 3.5352069135333295 
-1.3368675938327215 2.9867908492087736 
-3.0690766382031143 -2.581323465274181 
-1.5674893511459231 -3.1615939138573594 
-0.35140680568292737 -1.5568438587215496 
-0.7296599523397163 -6.005293620633893 
-2.425967968069017 -9.598741445108317 
-1.8517686471604975 -3.6753093256265856 
0.33143464250315446 -0.42674239113694057 
0.8860503747920347 -0.2620616951608099 
-0.22352124399185413 -0.9374329368583858 
-1.7418347750790417 0.2914275720831938 
-0.9210123020457104 0.8664509895525043 
-0.14863482944201678 0.6469815190284862 
0.8212299288716167 0.8776760438922793 
2.542325380258262 0.030163345218170434 
1.6473032193025574 0.3031152281910181 
0.4454334501933772 1.1991203068755567 
-1.3950917151523754 0.5753561067394912 
-3.200095685198903 -1.9117278805933893 
-2.529766012914479 -1.3358644891995937 
-1.4516655437182635 -1.1531554820230667 
-0.9295373118948191 -1.2111157321196515 
-0.7525634140474722 -0.6458553287193354 
-2.8755312743596733 2.085639409138821 
-4.076405064970459 2.2822008142247796 
-1.8465295437708846 -2.150763262528926 
-0.7532647509870003 1.3662056336179376 
-1.6486239963633125 2.700910583138466 
-2.234059527549107 -3.7052799062803388 
-0.5071054226718843 -3.0783126722380985 
0.3216780772199854 -0.22696047106728656 
0.2682563641574234 3.766435374505818 
-2.095866778632626 3.6487740078009665 
-1.9116602531685203 0.590634175343439 
-1.2099445910521354 -2.459212507819757 
-0.3282515818718821 -2.144245821516961 
0.2903791139833629 -0.8248129163403064 
0.03908034699452401 0.7125039104721509 
0.14797215885482728 0.9742529177765391 
-0.3453313990303286 0.7945608848240227 
-0.7606427261780482 1.6261584940075409 
-0.8519756405294174 1.7065768814618423 
-1.7848135668318719 1.731469457037747 
-1.8875662963837385 3.0775873456150293 
-0.8816746651136782 2.041428450262174 
-3.775067273993045 0.8823017503382289 
-5.657833530101925 4.944662491529016 
0.21575184632092714 5.330358774866909 
6.176074992748909 -0.7774254085961729 
2.7546107545940117 0.7276101343159098 
0.4528442427981645 0.8018179954960942 
1.1223881291225553 -3.9710734337568283 
0.46106304628483485 -1.4319548711646348 
1.2168733184225857 1.5639362211804837 
1.6746882885281593 -0.96569640096277 
2.6389900343492627 -1.8292720165336505 
1.3375233280239627 -2.6416466104647043 
0.8425727596040815 -1.589421018046778 
2.1661360994912684 -2.4051527865231037 
1.0850051541347057 -1.7438956804107875 
2.347677803991246 -1.7582786921411753 
3.6300806727304007 -2.63472064351663 
3.722718094024458 -3.36160724516958 
3.825618532438966 -2.778403172502294 
2.958995909895748 -2.4834199836477637 
-0.2594869362656027 -3.882256813813001 
-7.3878686260432005 -1.471998194232583 

-0.8325141884852201 -0.864094800548628 
-0.8579312127549201 0.44597961485851556 
-1.0244136140681803 1.1567928998265415 
0.970672448638652 2.452402198454365 
2.5414219964295626 1.4975996613502502 
1.4515509890625253 -0.06589026225265115 
1.8204645165824331 1.0367646301165223 
0.7942458742954841 -1.0434880759421503 
-0.5178198755602352 -2.3066369834850775 
-0.8787192262666395 -0.567948249168694 
-1.4162492530085729 -1.652647144990624 
-0.5566107941849623 -1.835323573264759 
-0.19395892129978165 -1.010603785936837 
-0.7478721664956538 0.841838282059598 
-0.6387454546347726 2.5599280088208616 
0.41577810677699745 2.8264285458717495 
-0.41045273089548573 2.9157750623417087 
0.3364861127338372 -0.14417792360472959 
0.9169923065092007 -2.6439030994661152 
-0.9255056663241703 1.4611257945653051 
-1.2561768486048095 2.799202857131604 
-0.4921289545309264 -0.559371275245212 
-0.14923427248140797 -0.7452180889958981 
1.0919481094460934 0.21268072701059282 
1.8572381106205285 1.1018827015068382 
0.9355754593852907 0.9385303716990165 
0.341611663949152 0.37079186857693003 
0.6197960577808317 1.777557337783037 
0.9925339487026577 2.6685690961312503 
0.021794610744109377 0.6477292212948669 
-0.2483322536572814 1.5560966189950705 
0.16953913704492152 2.568353741429746 
-0.4656492588110268 0.21121054701507092 
2.3451996105723083 0.8202476380529333 
1.8180355096446874 0.9127383206505328 
-0.21335020894184709 1.7480509523302317 
-0.6269248449243605 0.642624229836656 
0.6317829768051979 1.058043235068908 
2.430773116648197 2.511134405680423 
0.7736105564472382 0.7641656284977216 
-1.0030318099306896 0.653539510210976 
-2.016171875875443 1.0256242686737096 
-1.61405847966671 2.6582631723722443 
2.3915130965178832 -0.22369777178391814 
1.3169613588834181 0.9852709248661995 
-0.8114692947128788 -1.6734698051586747 
3.170364695310127 -0.6490063691744581 
0.7796025552379433 0.6296696606950718 
-0.9594283397309482 -0.5445259100597468 
11.017076234333217 -0.647680185327772 
7.990893763490021 -0.5996303897118196 
-12.699307587463409 -2.3160348464734852 
-4.797208440955728 2.819214954972267 
-0.6927480899830698 0.7502782577357721 
1.6094893525587395 -0.3979980566073209 
2.1670661975003895 1.0684953365416732 
1.2499041047412902 1.5204928640596336 
-0.011515855865582125 -0.47570167900448723 
1.6888412949629128 -1.1114944508299232 
2.4869153895415366 -0.20218220865353942 
-2.1434144801460207 0.6256494774133898 
-2.4664675153326243 0.47188290674239397 
-1.9185674972832203 -0.33108325279317796 
0.014349480625241995 -0.20310739225078578 
-1.7175949573520484 -0.9798802963923663 
-1.9020935636472132 0.1373513479193207 
0.8777994059491903 1.4050170936461654 
1.133259747075499 -0.037310382147552446 
0.5475088577659335 0.18403330934233963 
0.45956545749504585 0.8086033940780908 
0.8310571021575015 -0.07969777383732435 
1.0294599558692425 1.0592668586614309 
0.31715834740316495 2.058231303235516 
-1.1126234051189385 -1.3155205734074116 
-1.7796460669487715 -0.10609367288270732 
-1.0210878304205835 0.5307786237681285 
-0.43576678476529196 -0.8776686005294323 
-1.0514751644805074 1.0773648770991713 
-0.7861622476484627 -0.38468385220039636 
-0.20225683180797205 -0.5681743394557088 
1.9340390337456483 0.028070656582713127 
1.9352649063803256 -1.7628475986421108 
-0.012048150994814932 1.0139129698363831 
0.6583210510434583 1.6314062362089317 
2.254087888635695 -3.7044666996225715 
0.35916476882994175 -3.415263516129926 
-2.1635953036602587 -0.6261334467126289 
0.060937168542295694 0.9371849354356527 
-2.299414963228628 -0.4337098494752354 
-2.5393555779010057 0.9371512715806603 
0.20107046028033437 1.0502984195481986 
-0.10218840513971372 -1.6130118931178004 
-1.947283190122107 0.12859951914288104 
2.9858088279142976 -1.2933839198667556 
4.2083293329924345 -1.1115674278698862 
0.49177868355764076 0.3826758741342928 
-1.3228615610860288 1.308964722440578 
6.399704198585823 -0.22049832437187433 
8.400068740360439 1.5592930202838033 
1.8575496426278733 0.6699816723994445 
0.8989945473149419 -0.4665235439315438 
0.8905815684120171 0.8476715609431267 
-5.063003642484546 6.1514504994265735 
-0.850413924032182 -2.4451086812186986 
8.234908990561962 2.812999383546412 
1.3200081763789058 12.300496808253229 
-5.344364420743659 1.2867403947748244 
-12.339631957933307 -1.6006560904788785 
-7.442739553051069 7.075281571596861 
-5.7533983532339334 0.9400464576901868 
1.7476191593523254 2.4574032626114786 
1.9630672386847436 0.8474631861899979 
-4.10092762298882 -2.350184499286115 
2.4953460085671395 1.7304192734882236 
0.00013366683560889214 1.611133430735208 
-1.2267328430898488 0.3818321250146255 
1.6522721973160515 3.1591909117996693 
2.9192898524925113 2.9441992519423366 
-0.8663152082153829 1.4458201701636426 
-2.9072068193945597 -0.9663867723429576 
-0.8721986171448464 0.12222428520180983 
-0.439148169458349 1.7465512184426188 
-1.8860336744692177 -1.6258444101549685 
-1.5924839768122183 -1.976832365617156 
-2.1614641416817904 -0.8856751224157051 
0.2347579674096778 -0.04182745117577724 
1.6329737212190594 -1.8956127976998687 
1.30031152315496 -1.6574414147762582 
1.0770404152572155 -0.8452833282062784 
0.3210493446167675 0.7071814915288996 
-0.7010055853170343 0.8894209451973438 
-1.0062059609190328 -0.9568770525511354 
0.8486543512699427 3.0405460739930277 
0.3050746499066008 4.451328556315275 
-0.3587216400728721 0.5343301851826254 
0.4996130112413084 0.8531885645643342 
0.7924877724144608 -0.07453075912053464 
1.1868987795896828 -5.153482899069786 
-0.6830132285904256 -8.36652542219963 
0.925944157410413 -4.102709470127593 
2.905427722769673 -2.709218494477682 
1.683941115566995 -2.060892763431184 
0.5318761961534619 -1.9629626281384844 
0.6146122403151821 -2.4000051240436733 
0.2170386220968794 -0.8264668785559479 
-0.48346403398318216 1.0255106429103762 
0.21020958546432666 -1.5658626197837293 
-4.074551607482135 0.8717092236038297 
2.105458018137142 -0.37817730382084846 
3.81907473760657 0.7212989841937087 
-1.800407338887453 1.3622154565528035 
-3.4936078479513526 -1.1169139152916614 
-2.30434244312346 -1.9704926295271434 
-0.7043041256256402 -0.03144700845587067 
0.228944813774433 -0.9846673986176029 
2.060535663738847 -4.136282961815596 
2.6304089976474643 -2.1185784221161157 
0.43151874618342845 -4.846110631711781 
0.760985394474119 -2.3311097422993043 
0.04929406871087849 0.1945399846881628 
-5.308551417663693 -0.7368686686770616 
-0.2648906842805445 -0.8109551313464181 
-0.40832099854014814 -1.6916636552195996 
-2.371971388347447 -0.8180530228419229 
-0.6609984895330854 1.795441399939591 
0.5976599152199924 1.520560335367918 
-3.7546269283629954 1.369687128579244 
-1.913750484585762 -1.615738851542119 
0.8606927456567064 -0.7937861976097338 
1.2740154007915407 2.395889072678983 
-0.3244561792816967 1.6430494819069281 
-0.41719705032301135 -1.4517406260129064 
0.795888051194197 -2.1270938781672157 
0.5915715876253671 -0.6204890802036971 
1.04177042725496 -2.4029849618673325 
0.5713890473125502 0.4014036599546671 
0.269491181417834 0.38585042634122146 
-0.9866764254402369 -0.09864725591614842 
-1.6351653221063316 2.066557949176058 
-3.1207686495035887 1.8615153897553682 
-0.974165620515123 -0.16633522836491466 
2.1467856981325895 -1.6083699855953455 
-0.33572440838906914 1.4448100784793496 
0.05075375674641691 -1.838158706203103 
0.6522750629519578 -3.8364063361659646 
0.9431851237895899 -0.997810750215649 
1.422406972735189 0.5861173051052901 
-0.6677145939320326 0.1969123858725652 
-1.3145939393725712 -0.85735130446119 
-0.788179314986337 -0.05401838216857868 
-0.16013578677666374 -1.6700001447461545 
-0.03134380684059579 -0.9585412335582078 
-2.045729670673609 1.5659669594606385 
0.12510092137381434 1.4637297441076953 
-0.45193297319929115 0.757685817865422 
0.34948201184670324 -0.7558702080532385 
1.1501394252991304 -0.954220664643799 
-0.7196919799316674 0.18525793802109547 
0.8019240575376898 -0.0006613473524339497 
1.209134018747136 -0.4196234013797948 

0.7291597296351391 -0.3101444372989741 
-0.27124085213337423 0.6208846972993589 
0.5585201590441136 1.1247624358187798 
0.27549511190278153 0.3114665187603989 
-1.4391521654150985 -0.9021721639078577 
-0.27729495550121186 0.666415270783641 
-0.0971532682670766 1.0156468167778279 
-0.9807435304588523 -1.755404156214695 
0.14560222648461263 -0.3271834589781477 
0.19405172291686767 1.7094152087245504 
0.6664122392825647 0.39702716436170604 
-0.9454737976289334 -0.9509414384818291 
-0.5765438495334436 -1.0423409588268022 
1.8581325738041414 -2.0504218372312337 
-0.08563859896040071 -0.4737480981536777 
-0.8367080796951996 0.9031243916796399 
0.9461170816392155 -2.767586996374874 
-0.005800026296981287 0.05387207070758393 
-1.212204292179507 3.7776204197961505 
1.2798131035530105 -0.26690173436693954 
0.29611200439222785 -1.4343224203488063 
0.45421454801490313 -0.5232179758911997 
0.2567554549632334 0.6234913931711574 
0.3132710651328239 0.4612569431869744 
0.6666861567777573 -0.36692844113728285 
0.4487592727071501 0.5153146267255551 
0.35310825183287875 0.5936634661266851 
0.12071654144551758 0.6221105007845864 
-0.2698710338451562 0.19454062880444845 
-0.03403866209911399 0.4581353587778576 
0.059230355211202124 0.20702282041007258 
-0.08925198998521466 -0.3734540956313044 
0.012560211035072655 0.1999171317825379 
-0.6842706105314686 -0.13734425889599944 
-0.11610978029114705 -0.07105405153637712 
0.4991165945040841 -0.0846368154803887 
0.2993336497559085 0.18231157166899692 
-0.1818607360520872 -0.05928091588233997 
-0.558197099308444 -0.7670812998449037 
-0.11046647447140856 0.12606041670144918 
-0.06968558632125621 -0.05247452802824171 
-0.22512968415302836 -0.13761970702227444 
0.6957693259581355 0.23184220514117904 
0.29067706322248066 0.24356458886128252 
0.3688335737175068 -0.7031789676993672 
0.6526308910392764 0.17291118058471255 
0.35684591296473656 0.5656271689123429 
1.0312874956992033 -1.1197408379093545 
-2.690083489745355 1.086719853802336 
-3.2296836930107347 -0.5156505109876122 
-1.0588054082275633 -0.47655915780685376 
-0.3592930665677798 1.7441004192541207 
-0.5825195551287186 -2.184806528507327 
1.7704393724951601 -2.614539298468177 
0.38536774030333554 0.8577122313188212 
-0.46239416403905054 0.8733079350805752 
-0.8301360795862918 -0.8387204658631333 
0.5682309106732442 0.538544277857099 
-0.5341099145700845 -0.22848220275619013 
-0.5160191445566991 -0.7378039712643059 
0.6722567289188017 0.09649712548230838 
1.3171126590626727 0.8388550903268879 
0.8143795436753649 0.6662115590175546 
0.05044829826764463 -0.11745596299634409 
0.2988590002454812 0.0127784714218393 
0.7372609505860639 1.0383734986255888 
0.24012317300301556 0.9775679394445331 
-0.9174321590494174 -1.0044850612712537 
0.4775259524887687 -1.750457620004937 
0.29571536989203895 -0.5676649747140736 
-0.23112900219243482 -0.03699825059194062 
-0.359291631848599 -1.1814089048457532 
-0.6065205197892212 -1.3579381693207253 
1.0926308350401541 1.3439546213086402 
1.457338140475727 0.2139106152284711 
0.6041205307279647 -0.443630803962229 
0.3995901145584684 0.4548836412484363 
0.8915310167396864 -0.4578812868597595 
0.43889733436821654 0.6902230260152109 
-0.6121158911450326 0.4721273156644088 
-1.8238263005534847 -0.7314081836292416 
-0.9992687919360002 0.40669644593002374 
1.2572400145043332 0.30935304778649453 
-0.013683102365025235 -0.7619182275826741 
-1.4876442046100655 1.3966586450964282 
-0.5314843520049626 1.5146085953137831 
1.2074125598199137 -1.8717044531677223 
1.223341515028224 -0.45492760560898304 
0.4522576095994566 0.2966579724253293 
0.4550715465544002 0.1623023959069574 
0.9584656221992489 -0.9249291891104274 
0.5920250542990244 -1.4138854341908313 
0.4814504367518526 -0.4597505963611539 
-1.2904768365518713 0.37254395175608934 
1.2705330582627883 -1.1790494304797523 
1.0161990782445969 -0.42217590447437203 
-0.43871001103966023 -0.04556383232625194 
-4.625905571137565 -0.15200995082250301 
-6.609612231410111 0.30989592438254476 
-1.1153197091374114 0.07685687164845412 
3.9448449006634334 0.7878377783418955 
6.249381846421699 -0.041649466684646086 
-0.28349030027649746 -1.6637348211879726 
-3.889246532265929 3.043191509305572 
-4.856564286347748 1.1075074046526936 
-3.1446612891102177 -0.4226144332202182 
1.0106387087627766 1.497512620297826 
6.7089079480798475 1.8519611232282784 
3.333766432702447 -2.6426597718512994 
-0.38277256987370833 -0.4077853516932919 
0.5495214432688655 -1.0292202348600945 
0.827187721859139 -0.9132671262673995 
-0.04723087046951946 0.3810188077957193 
-0.12313242037789962 1.1899646818413778 
1.2960759341158354 0.2524790859499708 
1.2586301933772894 -1.2779023949194137 
-3.2477190329780115 -0.7555482057518148 
-0.4310986435716728 -1.3312651890916385 
2.349201147804486 -2.0383901122714008 
-0.3322929418267577 -1.0599841565041217 
0.7629109422537317 0.3340257326147764 
0.5801156880571838 0.0900730637224143 
-0.0035488917103840834 -0.18341604886912677 
-0.008051614853243905 -0.2679059675247828 
-0.13874355074409195 -1.6613568201805196 
-0.3314653861852648 -2.4230321277105507 
0.32076073393879057 -1.628916924230718 
1.4782282202389752 -1.0020214715479323 
1.407490780637005 -0.7236321487707364 
1.2990879034535858 -0.28315107761467573 
0.7032358230510525 -0.157640712949501 
-0.41087257807012634 0.5617064635280187 
-0.17278240865113048 -1.2938342593092074 
-0.5559327103976557 -3.199778305593071 
-0.02780565559958781 -0.017499428881912138 
0.7155272649435744 1.1876231306204659 
0.16243974231683467 0.47182643291298376 
-0.6450233803446963 1.9758442559628122 
0.2408251185080985 2.392556095764945 
0.8564170422057771 0.1634972221869475 
-0.3261967991623287 -0.01952190078436189 
-0.3918107869135099 0.21670010292007813 
0.17558676471119838 0.5307403829868456 
-0.011964646593426664 0.744384989288637 
0.1066089135185031 -0.6575046173179526 
-0.38867668071904626 -0.7484590603512421 
-0.5075730913118441 0.15350988815423783 
0.4891764992547962 -0.661370215737584 
-2.0498711546594848 -0.4100969546631177 
-2.160488662564404 -0.2620431081882515 
2.5170467562816157 -0.4491942880829214 
2.375848183206216 0.11140451750955549 
-0.27986768217239444 0.11393086021291232 
0.41937769875607955 -0.03855855669747399 
0.8746779779903662 0.37452257403746714 
-0.2098344913791692 0.2359905260929427 
-0.6538284302858184 -0.5118002732121347 
0.9716275915591908 1.0618663710891165 
0.6712637405881523 0.6128779844938652 
0.08789800306161055 -0.7776598768416463 
0.9201178416441849 -0.425651076363863 
0.404886191877182 0.8066818231459223 
-0.27729514114344056 0.6549454461990791 
0.03794367502612772 0.03662139471116177 
0.2972533480444497 -0.9411464490624724 
-0.31838427223041776 -0.6285406153047148 
0.1573231580386647 0.09277773403387002 
1.3214794725721504 1.2670472485336788 
-0.007938527508329685 0.22337110191527643 
-0.9136865368265603 -1.1862581797989336 
0.0819077597922302 -0.029785696161436448 
0.08484376977266095 0.309749634460335 
-0.5833524221659752 0.23473074758351897 
-0.41799232418646426 0.025361435108386843 
0.06769807090248037 -0.3074049720503922 
-0.11208088112863379 0.06689672141534686 
-0.3370155070009133 -0.08995375614988177 
0.43191569722486634 -0.9962295849524878 
1.0475193359439459 0.9074207229683608 
0.7261222054689256 -1.9235075860712776 
-1.818631529949311 -2.2471444379221808 
-1.5751852813076894 1.7424356850651517 
1.599735447837773 1.0004066025451301 
0.1333669945070426 -0.6315787876303318 
-1.1354051405803887 2.811534544184113 
0.908055478008464 1.3862716622134315 
-0.317201839532288 -1.2518159717699149 
-0.6133849132978924 1.0527916014260157 
0.20392522032414462 -0.02540397590532706 
-0.3497376633158069 -0.23087084416749448 
-0.314235102486748 0.11555790979009117 
0.4038847069876752 -0.21713059922562583 
0.11406431668437023 -0.33289680969499 
0.08190060024717383 -0.5859902618046138 
-0.3264297340937219 -0.08697297128957793 
-1.209588423004348 1.195576675531857 
-0.9169834789849389 1.3195694775222329 
-0.11391992057197076 0.15124123672913203 
-0.6297633738207189 0.0716503558655388 
1.1935021940783948 -0.05254064047465301 

1.2734921146184206 0.2048966019137879 
1.3541614203713834 -0.7378959972411394 
-1.4812315362505615 0.19922953750938177 
-0.5637629008360818 0.2286232085938309 
2.1162947863958834 2.363479247316718 
1.4061800081617548 1.5114363026805222 
-0.24936818284913898 -2.6270627852063626 
1.5593920503742993 0.2632446984644048 
-2.2455156981013715 -1.1061156774630945 
-1.8634419671725482 -0.5861235468764789 
-0.3419345036963932 1.2115838467143476 
1.046983908960101 -1.6337892851679499 
1.752922064770246 -1.2320686107268557 
-1.1699881239328533 0.4722474108275492 
-0.3441787846968509 0.5434924720066192 
0.22645338643997093 1.4277413130621426 
-0.8604847734932264 1.000413467954786 
-0.0045140564907342196 -0.527341332170181 
0.023226657775012427 -2.345174530055374 
-1.6303699910640717 -2.177203068509698 
1.3667858550325036 -4.095079878345132 
-0.6333531609270722 0.8587927119806409 
-1.248504540650174 -0.2657923497099546 
0.8343046332593076 -1.4659793869359419 
0.6249014182249084 -0.18962932849535719 
-0.9222360157000367 -1.5753695581806824 
-1.0718826273878221 -2.1142405227583367 
-0.5366899940199801 -1.8760456954478286 
0.0700802702922374 -0.48133621615124866 
-0.32654303970048204 -1.720227572357544 
-0.3311084485758329 -1.6104368416126817 
0.05523301943321712 0.31998919835314155 
-0.5906107558403164 -0.6641313133877702 
0.018297402159078047 -0.3268794956311467 
-0.08980900450842455 -0.7188629243755713 
-0.3008476549748593 -0.13965876552538248 
0.05083453899715096 1.4916969969199272 
0.239934305252973 1.33473775384482 
0.39277701209448423 0.9494844301254375 
0.5550957293380634 1.3480443007692884 
0.8362020457570907 1.2802673392752695 
1.3823357744840905 0.6008398650446907 
-1.810664516640827 1.5829091942869127 
-1.9340385210780369 1.307289754768135 
-1.5528854906769993 0.04072215361520648 
-1.2017396660521626 1.8203788466053084 
-1.26321680003457 1.4031354081312202 
-1.732659631408751 1.3191949674801435 
3.4103192328475416 -1.7702662676310865 
0.8093859374639578 -1.2874399333377369 
-2.4707850341219455 -0.8663392107719119 
-0.0052569389081327245 -1.7149783430213574 
-2.279191631823778 2.535356891094125 
-8.021001905202866 0.6121773415361531 
3.631447860971093 -1.2864460945129395 
6.038494561798871 2.3111403021612205 
1.4258099576691166 -0.15882152819540352 
1.4510834525572136 0.38453346403184696 
1.7585760535730515 2.4130697990767658 
-0.34005097206681967 -1.1443268144503236 
1.8387576946988702 0.9688301739261078 
-2.6884535585995764 -0.5538821775053293 
-2.3701586197930737 -2.596824810374528 
1.1285123212146573 1.4807426263578236 
0.45614309585653245 1.6495323437266052 
0.21526914124842733 0.9681826233240827 
-1.9976288699544966 0.6700525758205913 
-0.8338651699887123 -1.2304924770724028 
1.1023540683090687 -1.7808060012757778 
0.25377066852524877 -0.7248049067566171 
0.883261591057817 -1.3964305454865098 
0.1874172321986407 -1.0390313784591854 
-0.4821216883137822 -0.6082674217759632 
-1.2594685915391892 -2.8961859988048673 
-2.013466492295265 -1.2443581163533963 
-1.4635563399642706 -0.056830634119251044 
0.7947817870299332 -1.2901449725031853 
-4.817935891915113 -0.05475971961641335 
-9.330687041161582 -0.8603768507018685 
5.911352016264573 -0.929547980527559 
2.7695944115985185 -0.6424743707684684 
-0.4778345098675345 -1.345411672926275 
-1.5032659049611539 -1.3295790335469064 
-0.7207238098925473 -1.9267415809445083 
2.0793383377604187 -0.9169009119123075 
1.1469100652720954 -0.4426051600603387 
-2.340360817266628 -0.16225094148467178 
-3.3890175780054506 -0.5461397534236312 
-3.038921599742025 -0.9480878708582168 
0.18807669868692756 0.011674964858684689 
-0.2154024668291754 0.6373409028892638 
-1.1612003270711284 3.030055286377319 
0.4608950064284727 0.8237626637164794 
3.063040323322639 -2.0968841513968073 
5.0719470625626855 2.151405905315187 
-9.111879801843315 1.9297727298690006 
-11.905133286491036 1.901848935522139 
15.117762617766857 5.243199543605442 
3.318884207707015 -1.5787482031737454 
-2.178019308601506 -0.9685421239992138 
-2.7464018497248617 -0.5056986310519278 
-3.9424195958213204 -0.12157067190855742 
-9.31041211032425 1.3590731383301318 
-4.2788563603535295 -1.9827473885379732 
10.689850577153265 20.97473954409361 
-0.5840261443299823 -1.6666237195022404 
-2.6412225598687655 -4.936690928647295 
-1.6905506191542372 -1.6670391279039904 
-2.431941784452647 6.912014198489487 
-3.8454138769302517 3.1352578122823616 
1.065501098986715 4.279797067138134 
-2.1263653428759426 -0.1653040340715961 
1.86293193558231 -0.49545916297938675 
0.9572957056552696 -0.7298950033873552 
-2.7573257797121187 0.03218156910224934 
-1.8191215133767855 1.914571581495693 
4.177238620410208 1.9586418610997498 
3.243706081993878 3.718368410678522 
-3.487642783205956 5.903712419560179 
-1.6675326502081589 0.6987552231003065 
-0.1624855293703149 0.016961890420134296 
-0.5510697881691158 -0.2371477809501812 
0.6275885933209793 0.42096538745681755 
-2.199906464200467 -0.17586917609150987 
-1.1156599705573171 -0.18431182528001955 
0.5569512427318841 -0.23187979473732412 
-0.0036744504468515515 0.34094358076731623 
0.0022387446369975805 2.4347981913015246 
3.0257173366844654 0.8946544801437994 
-0.4657230104348855 -0.010349604410293978 
-1.4922354478621855 0.6178287188522518 
2.039676673244685 0.001198807847686112 
-1.2694748078938574 1.6883616507984698 
0.7779116968904418 3.9990387108591676 
1.5292569167504553 1.400018910304425 
-0.6044534113316331 1.2019973426904471 
-1.5022777925041737 -0.3046896557279979 
-1.77734897431219 -5.572927283123136 
-0.23957876081112772 -9.914380947127938 
-0.4783503368671518 -4.432262035625172 
1.0978903497743886 -1.5134795186822885 
0.5200781194462252 0.01802429556119023 
-0.32066169727113447 -0.06277400330509408 
0.3633671938441694 0.7972557319444604 
0.4171057799831033 2.1851435848511755 
0.7042106706649065 1.3497028958572628 
0.7589452725369483 2.432155908551067 
2.66473420150578 0.2772042377619073 
2.3830709142748674 0.7117002642480657 
0.27527239720802754 1.7911401158198714 
-3.429347375407815 0.27294632281700615 
-4.575713654980063 -0.19359412512858398 
-1.750835089944303 0.7797968288559787 
-0.38693857748876326 0.022823387058451772 
-0.6757870522560552 -1.7615142508875579 
0.016253628527920227 1.5572868220042437 
1.3536576120532118 -0.2692534276720835 
-0.10027296616874537 -1.5942135975928977 
-3.5888035570969805 1.0348353292793036 
-3.3141564417164773 1.0476008696714416 
-1.4592639842521749 -0.6967746618011006 
-1.4838074366562068 0.9764539686730132 
-1.1044262345385505 7.742689071179484 
-0.3294711310591083 9.005541532183997 
-2.4757118690758944 3.879009274067357 
0.5104731550600263 1.1426074241753668 
1.3249964388087392 -0.24649471906013787 
-0.47560730247641914 0.6638412592697023 
-0.03878760267980397 2.053786359494552 
1.3834299815353006 1.678885060837274 
0.2960389163927175 -0.7721185345435515 
0.11582915514736669 -1.1279544763965532 
0.13187511661089957 -0.40061227208934724 
0.38046381784806727 -2.4167952490970492 
-0.6457735045114532 -1.2239367366419174 
-0.5427154755452648 -3.212570485025708 
1.801331486494746 -5.200195851270109 
1.4470266653224826 1.067186621890869 
-0.42915197457477916 1.5897207078523934 
-1.0866257762827445 5.419340202584863 
0.19841057143639773 2.6373161634110147 
-2.82553542801179 0.3893459519604221 
-7.286289251409471 -2.6318607991561294 
-1.759481666609645 1.7166959950263845 
1.9630444354843348 1.4799431427200034 
-1.9486910597806855 0.5420228274065266 
0.4286200446076691 2.6500999173149467 
1.0322884699562564 -0.35502827633172274 
-0.951459193136543 0.7191671637447143 
0.4766324167139828 1.6689383350967546 
-0.8811929070507176 1.7176732230000198 
-1.9186827744706534 1.318473786697723 
-1.651594042132274 0.8482900710660033 
-1.1026491592638195 1.3867295015406853 
-2.3232885550241917 1.2817186264583142 
-1.1415041082200332 0.1226436123251915 
-0.6303499616249155 0.37400547846937116 
-1.0193858463317156 0.23848311756046314 
0.1252984245074913 -0.6695413138950244 
-1.2316590338014066 0.7617970500141382 

-2.2383725959807634 -1.0911096152849495 
-1.6611714132595807 0.032710416708141565 
-0.13577352184802294 -0.1701582808054809 
-0.8173099294072017 0.5783999760169536 
1.1915848494973034 1.8355085576768033 
3.828537403016526 2.2346027567982674 
2.0285083312774077 1.9601881393464282 
-0.3864412768743932 -2.395242657032213 
2.2979871135321446 1.6178761813316669 
-1.3823158700979548 -3.3537772395648062 
3.3453614066565933 -2.6665089031448588 
4.739086196408607 0.7608451016712934 
-8.587459292728454 13.937026508152485 
-9.176834737882018 12.003660887479782 
-3.636373155284673 -7.5461425660178065 
-3.874399214750156 -9.403326699510217 
0.15767736092175255 0.6930982537014643 
0.35852920659817755 -0.4457737403572537 
1.1592202522624575 -3.8796631190925837 
2.78363375691697 -1.7321297232992947 
1.2602462290087715 3.150678406120278 
-1.3442599626723677 2.410994195146486 
4.290471151411111 -1.51684251712868 
-5.688393441028893 -1.356734574001166 
-4.907253624580335 -0.5004079666541656 
-0.49006814528183895 -0.15079873776994646 
-1.9862351438496262 -1.1604185997857712 
-0.8176348214037716 -1.6084661401400808 
0.31486942269839346 -1.3661661235237261 
-0.013370457101700595 -0.8335707641672343 
0.34589577579754405 1.0323474472970702 
-0.062490302330843406 -0.5188854474108666 
0.44767802450223826 -0.1313796320464462 
-0.8127859777305275 0.44351647119037807 
0.12735303631052375 1.6987600615539122 
1.0577889715787023 1.317019399954006 
-0.3253805333515629 -1.2570659863995388 
0.8882386087207124 1.7510969566646963 
1.5213041733950377 2.1370017087319866 
0.6566548804985359 -0.6392387545201927 
0.911207613768056 1.0092492588883033 
-0.7026506229885854 0.3881616173312068 
1.4776982229668647 -2.4711113364901394 
1.5723936383146793 0.5238611837849021 
-1.081778500432847 2.563025956507772 
0.33929796633310616 -1.2584182466380298 
0.19687426136806607 0.6995406551286578 
-1.2902112025767565 -0.7251727507391479 
1.1734798283869168 -0.005071596533525735 
-2.296298433560878 -0.6850136937573552 
-2.0660378863685764 0.6222092282114318 
4.241681457264349 1.1743694387259893 
-2.616554768603237 -1.2042263536714017 
-7.090237778844312 0.9097009983379394 
5.723856816999614 1.8946875144029036 
5.2144932589289965 1.915658466750756 
1.322550555691123 1.1885563228279352 
0.034378913405817 -0.4908095311211582 
0.5039250880563486 -0.15084761878097197 
0.3265756847411012 0.6926211591344327 
-1.6533849199768156 -0.4882136493688449 
-0.042091582785360515 -0.1290181674357882 
0.7140517986845225 0.4442237615585327 
-2.1274590912507847 -0.9513992003339808 
-1.339214684208855 -1.254070188733749 
-1.2939107087804587 0.7464771619997919 
-0.6757588171167299 1.4521726018283516 
2.494201877620071 -1.6693658730946481 
1.069080111013136 -1.5223954163957387 
0.4955559843037918 0.6390715779270977 
1.1239382172352634 0.8470322221983224 
-0.021062559097117628 1.8894500548485667 
0.6138399485498667 1.4999029802002042 
-0.7776627964703948 0.14687111504463246 
-1.8683225375134498 -0.12157320943788363 
-1.1935285956133157 -0.2989041681867093 
-0.35890479129739106 -0.3025763034456759 
0.5358962112804875 -1.4698827740503475 
0.7071659232024103 -1.0647188399452716 
1.7880150380951818 -1.4382817090954632 
1.7583627901040018 -0.4093018359853886 
0.25191184144932777 0.5546009275130928 
-1.9621422721538693 -1.3586447925772518 
0.1278620685916394 -0.9323199818609282 
2.078822333365679 -0.8888965353668254 
-0.5967358206280551 -2.1504530501551926 
-2.6894774842076004 0.4019176499568857 
-0.6025628179777414 1.892989330459386 
1.303991807042621 0.08218462532386184 
-2.4044595483355806 -3.5391588580896496 
-3.3111511747702025 1.5259185538598103 
-3.6249217154509097 3.437743495538598 
-0.9401272659306414 0.8978146184817888 
4.34407013352029 -3.4793645465542795 
-6.368501511227805 4.249259051081026 
7.488699250854552 5.292137428186834 
14.992721495684236 2.363659000955522 
2.0884364715311676 -0.5428033534699352 
-0.8055407392967027 0.5297952138353139 
-1.4093478826107457 0.10513241031003417 
-5.212291601113975 -0.5658053573279176 
-13.908197328448296 0.4448155697900802 
-5.487249106168747 7.790860800072551 
7.545496933511458 -3.7016797102987766 
2.1029662017826922 7.798217226169072 
2.6085633218754083 11.644374910509214 
0.17440294884727336 3.570131529297214 
-7.773610142467078 -0.7602937692427076 
-7.718437263712985 3.863350555591751 
-2.743838012276683 7.2001315131783485 
-0.7082237039576285 1.1218104126746766 
-1.3656105194822885 0.12275040755048394 
1.380947045283392 -1.4883002969727386 
-2.3613971057384333 -4.098704692907631 
-1.7796533979262676 -1.8820431671338156 
2.359292703680694 2.8589334191638045 
3.499281576834619 2.5818681977689266 
1.4113669993821532 0.906891354417894 
-2.745358619838953 3.7229418521310436 
-0.7749076904729009 3.255150739219971 
-2.048900146961387 -0.6324133122980129 
-3.43623190881317 -2.749944442883134 
-4.30025343678426 -0.3857468333444558 
-1.743727106310871 -0.8591385544277728 
0.1335707751350128 -1.9928996602538973 
0.7395102510945435 -3.496211797464639 
1.0517926791217178 -2.056884077250288 
0.3437713329376493 0.15822502552737205 
2.2026272683870047 0.37716226309021295 
1.1849700294842478 1.3732239076925907 
1.1958549867849797 1.0823508991161361 
3.81088145961985 -0.20464325230568647 
-0.7168257829907816 0.9824831272853771 
-0.1142438817769289 1.1119448008785184 
0.5881108795292675 -2.2991997716017067 
-0.05352249555289745 -3.516792830079794 
0.0799792930483818 -0.051902367267757654 
-0.18547909497829096 5.325147838331759 
1.0699762464500964 6.7103541903197765 
-1.0906786937266588 0.6743934702471961 
-0.34846329782158136 -0.18460099696312682 
0.5271206803008681 1.0435897737334017 
0.5294903807662195 0.11877756355215752 
0.3110071911069099 0.04995620898262132 
0.4017708303872496 1.084442880935967 
0.7424745556199923 0.06336829987412784 
0.8106984984115115 0.3940299390887958 
1.4693010760020115 2.8686364045061055 
4.989185184240341 1.5036506853593892 
3.1853142865002155 -0.4174741339884349 
-3.766179427038878 0.025155065581202507 
-3.3277688494417816 2.78729932801798 
0.404290777631104 1.4433349428873044 
-0.3893039676842136 -0.7096944552613422 
0.7041760617867112 0.4516877119895071 
1.5543885846091143 0.23908951252815314 
1.3712362219812348 0.8416029011668797 
-0.6810369302111212 -0.654172062408179 
-1.3073152543511242 1.361822924343869 
-0.6996538281418907 -0.6738847934902878 
0.31139913101287675 -2.1357882525771856 
1.052758206584258 -1.4947704312216956 
0.5551642089849338 -5.357129470910877 
0.15443994756424217 -3.230537994997576 
0.40495648717478616 -0.1176872820360586 
0.6358588524162769 -0.32687888317741454 
0.013487496878951788 -1.048627095296979 
-2.1073282985016704 -1.8785107060102746 
-0.964127984829247 0.0182599103186476 
1.3412382017195341 0.7404357840423472 
1.7570176438894123 -1.1877003232366405 
1.164746762901359 -0.8988332878798246 
2.655524798668921 -1.977463457347767 
1.609121372923255 -0.7349928639123391 
-0.048094978206790984 0.37627404238446616 
1.430020784959197 -0.8640065829531522 
1.3991448826855049 0.1410167385402019 
-2.0800429368391633 0.7483476884081028 
-4.159552374854684 -0.5756889859621879 
-3.2296583378774812 4.921272249659523 
1.815505861537531 4.427299984032288 
3.216443549885298 -0.18799999682232738 
-0.8701022454188205 0.8745785851788241 
-0.4924333628441673 -1.2178471295628697 
-0.92666074553199 -4.69593646004796 
-2.2161322504180134 -2.0541150644785375 
-1.0492161544389091 -0.05385259412651067 
-0.4906165839256573 -0.12437802122440189 
-1.5452772949356586 1.442632299635079 
0.7497780278790742 1.5447872455697507 
-0.5846351818181574 1.4985501723713242 
-2.4144985207822174 2.9112022891640663 
0.5022389609366655 0.34445553526165895 
-1.2158450324641308 0.5908193355426192 
1.7576113327522762 -1.1393795778276399 
3.0541668604128063 -1.4241930723874248 
2.104178167119244 -0.9011545932880836 
1.6807483842458169 -1.62838265276514 
-0.5894753184402362 -0.29016460294951685 
0.7893299339339137 -0.7559262049253448 
