5 16 2

10.510082266991958 12.502257335931063 
0.9696633964776993 11.650999303907156 
-3.6673668026924133 -11.73591229505837 
11.303598676808178 -3.042301825247705 
13.335483681410551 6.272586539387703 
-6.184683153405786 11.029813926666975 
3.7463551312685013 3.113287068903446 
-8.712703635421349 -2.060976728796959 
13.208886310458183 -5.183637355454266 
-4.076861020177603 -0.9104818385094404 
8.202402998693287 -3.9934003562666476 
-10.057049819268286 -4.049687835387886 
8.214925101026893 -8.050331071019173 
0.28591773100197315 -9.609024041797966 
-2.8496181396767497 -11.533850505948067 
-6.316087483341107 -6.655084185535088 

6.7854999247938395 7.529345702845603 
5.0998669071123 9.870188664644957 
1.009142380207777 -2.7623806074261665 
9.180854082107544 -9.996859323233366 
-2.4698587972670794 -1.6798060238361359 
2.012236701324582 -4.040611608885229 
5.020116990432143 -2.111743364483118 
-3.675185558386147 -2.113165244460106 
-1.3946478199213743 -2.4656949806958437 
2.44513356173411 -5.134539916063659 
9.157898555044085 -11.103649709373713 
1.5374318389222026 -7.061724752187729 
2.7569113693898544 -2.8509666728787124 
1.3713675655890256 -5.762313443236053 
-0.7827376462519169 -7.753811853006482 
-3.1029110718518496 -4.47044080728665 

9.840796676464379 10.138345788931474 
0.8845167472027242 8.373235305771232 
-4.775841739028692 -5.330776922404766 
17.510631904006004 -9.354561775922775 
5.6563693061470985 1.3468001745641232 
-4.225731983082369 3.2187577076256275 
-0.5722516048699617 1.536494655534625 
-4.791407415177673 -2.0395349487662315 
5.704932082444429 -2.6013889871537685 
-0.576843798160553 -3.359956396743655 
10.307446449995041 -5.70678023993969 
-2.6435674817766994 1.7361373640596867 
3.44648951664567 -3.295978059526533 
1.0106959892436862 -7.423276735004038 
-1.5756830163300037 -9.452155938372016 
-5.504164829850197 -6.024576767347753 

3.527280838403385 3.4846689328551292 
6.17589583620429 8.142788633704185 
1.9370524808764458 -3.1286740750074387 
16.56069576740265 -16.761078260838985 
-11.293271045200527 -2.337352074799128 
6.19051019474864 -9.584644179791212 
4.419614638201892 -2.8459075409919024 
4.3764188188361 -3.439853012561798 
-21.935467392206192 0.9895964367315173 
1.7037649411940947 -5.000576561782509 
6.4489788194186985 -11.557966253036284 
3.477302810875699 -7.303018514066935 
-7.2111344039440155 3.2932429214415606 
-1.4311712408962194 3.4091701242141426 
2.4384747641161084 2.7801699358969927 
0.29406099452171475 1.6761550302035175 

-1.3104138530034106 -1.6628752443939447 
7.68141657486558 12.384775597602129 
7.717141001485288 2.4791229106485844 
9.584059963002801 -12.583964630961418 
-5.798131336574443 -6.516516841948032 
2.6912696808576584 -18.32293531857431 
3.8391318544745445 -10.104369804263115 
1.297355896094814 -1.4315124021377414 
-9.291023716330528 2.263680095784366 
1.7786588871385902 -6.026651240186766 
6.020537577103823 -12.87427438609302 
5.4525725319981575 -8.1485983482562 
-5.973096852656454 5.422751389909536 
-1.6129767871461809 8.315080551430583 
3.933637538459152 7.586528429761529 
6.4318496939959005 5.175709987059236 
