331.0 41.0
323.3943327714253 46.0
316.0 51.21133445714939
311.83650613015675 59.16349386984324
305.8224482880622 65.17755171193778
299.68707010240803 72.31292989759196
294.0 79.63400337144816
301.34104558178103 80.65895441821897
309.0879785157169 76.0
317.10785930666464 72.0
326.78459434710487 72.0
332.568849825413 78.568849825413
337.99712122988063 85.99712122988062
344.0 93.18738247045583
348.0 101.2072632614036
350.0 110.05557117709756
352.0 118.90387909279153
353.0 127.33797344611239
348.2279322005667 134.0
342.0 127.62226497199205
337.6023841810443 120.0
328.75407626535036 120.0
320.31998191202945 123.0
312.21220353775857 126.78779646224142
303.4517932053878 129.0
295.5983014159427 133.40169858405736
287.4120316234922 137.0
278.97793727017137 140.0
270.3845550144053 142.6154449855947
262.5239621259028 147.0
255.08986777258195 151.0
250.0 157.93001301836586
243.62121686484068 164.37878313515932
235.85865252448485 169.0
227.0103446087909 171.0
219.70036368211674 175.29963631788326
211.14215590214917 178.0
201.91488868504703 179.08511131495297
193.03132650838813 181.0
184.18301859269422 183.0
175.3347106770002 185.0
170.0 178.3148298860525
163.29494909510476 173.0
155.68928186653005 168.0
146.88755160225088 170.11244839774912
138.82109315988833 172.0
129.97278524419443 170.0
120.71026376612735 169.0
111.03352872568718 169.0
101.356793685247 169.0
91.68005864480688 169.0
82.41753716673975 170.0
82.0 178.43077074895422
77.3884480213697 183.6115519786303
69.52946766915022 188.0
60.68115975345631 190.0
54.0 195.92450747511828
47.21089630943199 202.789103690568
40.3684113425913 209.6315886574087
35.0 217.08465491135007
32.0 225.51874926467087
30.0 234.36705718036478
26.0 242.3869379713126
26.0 252.0636730117527
28.0 260.91198092744673
29.0 270.17450240551386
30.309022551620437 279.30902255162044
33.0 287.8711182369017
37.63003145462292 295.6300314546229
43.05830285909056 303.05830285909053
49.48657426355821 309.4865742635582
57.2077388868391 314.2077388868391
65.22179672893365 318.22179672893367
73.74776229546876 321.0
81.76764308641657 325.0
91.0301645644837 326.0
100.29268604255071 325.0
109.55520752061773 324.0
118.40351543631164 322.0
127.66603691437876 323.0
136.07080349839927 319.9291965016007
142.91328846523996 313.08671153476
148.34155986970754 305.6584401302925
155.67449226630424 300.0
162.0 293.71984050512106
166.21216052073726 285.78783947926274
174.73413463914756 283.0
183.16822899246836 280.0
188.0 285.18810978341617
194.62220413673697 290.0
203.62559548171743 291.6255954817174
209.733033530498 296.0
218.99555500856502 297.0
228.25807648663215 298.0
237.10638440232606 298.0
246.7831194427663 298.0
255.6314273584602 300.0
264.8939488365272 301.0
274.15647031459434 300.0
282.59056466791515 297.0
291.43887258360905 295.0
297.0 300.87296693692997
296.09580477701667 310.09580477701667
302.1553692059448 316.0
311.00260011764607 313.99739988235393
310.1480149626674 308.0
304.0 302.1281341717196
309.7201737439743 297.0
318.98269522204146 298.0
327.8310031377355 300.0
333.0 293.14911607131694
342.0801897321361 291.9198102678639
350.3871407930441 288.6128592069559
354.0 281.0184058866082
353.0 271.7558844085411
359.0 266.3217900552204
358.04190921281634 257.04190921281634
357.14372150453204 247.85627849546796
364.15777934662657 242.84222065337343
366.0 233.9285583924443
361.0 230.32289116386983
360.0 221.06036968580293
361.0 211.7978482077358
364.0 203.36375385441488
366.0 194.51544593872086
366.8211553987438 185.1788446012562
369.0 176.40461654495994
374.6152642459879 170.0
383.4635721616819 168.0
391.0 172.4834529526297
396.0 180.0891201812044
394.0 188.9374280968982
388.6159736125275 196.3840263874725
383.0 203.73454899167427
379.17364436596534 211.82635563403463
378.0 221.0169512606892
377.0 230.2794727387561
376.0 239.54199421682324
376.0 249.21872925726348
376.0 258.0670371729575
379.35435350049784 266.35435350049784
383.0 274.521012317226
387.0 282.5408931081736
391.0 290.5607738991214
396.82479843124884 297.82479843124884
403.2530698357164 304.2530698357164
410.3884480213705 310.3884480213705
418.40250586346497 314.40250586346497
425.83077726793266 319.83077726793266
435.4374179576887 320.0
444.7878251402563 320.7878251402563
453.5482473514496 321.0
461.5681281423974 317.0
470.58735797942035 315.41264202057965
479.26474397378524 313.0
487.69883832710616 310.0
494.6295315057039 303.3704684942961
501.764909691358 297.235090308642
507.19318109582565 289.80681890417435
513.6214525002932 283.3785474997067
516.3644896576121 277.3644896576122
515.6495681844822 269.35043181551777
517.5423056830172 260.45769431698284
521.0 252.79896959480448
519.0 243.95066167911045
520.0 234.68814020104332
516.4725307604704 226.47253076047042
513.0 218.23416505677483
511.27284220102746 209.2728422010275
506.2587843589329 202.25878435893293
498.8305129544653 196.8305129544653
492.4022415499978 190.40224154999783
485.9631882267822 184.0
478.52909387346153 180.0
470.0949995201406 177.0
461.4673305251794 175.53266947482058
452.5745930266445 174.5745930266445
443.5500757730588 173.0
434.2033315919479 172.20333159194792
424.6108192545514 172.0
415.7625113388574 170.0
411.0 162.74263054790958
405.1369633193351 156.0
403.0 148.1170825283873
403.0 138.4403474879473
405.0 130.42046669699948
404.0 121.15794521893235
398.89542374086545 116.0
390.0333159194799 115.96668408052008
382.0272350342236 116.0
376.0 110.00735424327581
372.5732598899549 102.0
364.9770845511019 96.97708455110188
361.0 88.94771187043261
357.0 80.92783107948503
354.0 72.49373672616412
349.62795996391037 64.6279599639104
344.613902121816 57.61390212181601
341.306951060908 49.306951060908
338.0 41.0
