320.0 35.0
313.3485131335178 41.65148686648217
307.4041330482222 48.59586695177779
302.16685974411314 55.83314025588687
295.51537287763097 62.48462712236904
290.9852063547084 70.01479364529158
289.0 78.5991171855877
289.0 88.00574012211331
291.9981494962658 95.0
300.99055887041834 94.0
307.9377041985464 89.93770419854637
312.0536571590958 97.05365715909582
320.6540784938911 99.0
330.0429223930754 98.95707760692461
338.63889724219615 97.0
347.21709305397553 95.0
349.0 103.20950242812805
351.55698676696727 111.55698676696726
353.0 120.36589405168687
351.0 128.94408986346625
346.07641852386934 126.92358147613064
340.9705863248404 121.0
332.392390513061 119.0
323.3999811389085 118.0
315.16687641511953 120.83312358488048
306.24358951534975 122.0
298.34918405639377 125.65081594360623
289.50141145416404 127.0
281.2385984788546 129.76140152114542
274.00132517474555 134.99867482525448
266.2521053930645 139.0
259.9165502684043 145.0
253.70371882479142 151.29628117520858
246.24544001908413 156.0
238.909884894424 161.0
230.82032603721044 164.17967396278956
222.70437307666103 167.29562692333897
214.00372458383202 169.0
206.2539558967988 173.0
197.67576008501942 175.0
189.09756427323998 177.0
180.5193684614606 179.0
171.112745524935 179.0
164.0 174.36297683790178
156.43360364175803 170.43360364175803
148.03501233908918 168.0
139.90880450184576 169.09119549815424
132.12126140264974 173.0
123.95727915324346 170.0
114.97515918257065 168.97515918257065
106.27341978439432 167.27341978439432
96.980051030786 167.0
90.81606878137967 170.0
81.82365940722718 171.0
72.41703647070159 171.0
72.0 175.74694577870468
71.64876983296327 183.35123016703673
64.58194397197497 189.0
56.588436787118226 192.4115632128818
49.66819303553552 197.0
41.94231730364635 201.05768269635365
35.0 205.8313443385308
32.0 213.99532658793714
31.0 222.98773596208957
30.0 231.98014533624212
28.0 240.55834114802155
26.610560571028742 249.38943942897126
26.0 258.54315989632653
26.0 267.94978283285207
26.0 277.3564057693777
27.0 286.34881514353026
29.0 294.9270109553096
34.89276903684272 301.8927690368427
42.1300423409517 307.1300423409517
49.36731564506075 312.3673156450607
56.89748216798326 316.89748216798324
64.72054190971916 320.72054190971915
72.76876882801628 324.0
81.76117820216871 325.0
90.75358757632125 326.0
99.33178338810069 328.0
108.73840632462623 328.0
117.51676473640406 326.48323526359593
125.33982447813996 322.66017552186
133.16288421987593 318.83711578012407
140.98594396161192 315.0140560383881
149.55831757165765 313.0
157.72229982106398 310.0
158.0 302.2852908047835
163.0 294.94973568012347
168.2728155455455 287.7271844544545
176.13558813156976 284.0
185.09050790427122 285.0905079042712
190.4635526303823 292.0
197.44373416892964 296.44373416892967
204.85258034829252 298.1474196517075
214.1981400657205 298.0
223.60476300224616 298.0
232.5971723763986 297.0
242.00379531292424 297.0
250.9973163084952 297.9973163084952
260.4028276236023 298.0
269.39523699775475 299.0
278.8018599342804 299.0
288.20848287080605 299.0
297.0 300.2008922449585
294.0 308.3648744943648
299.35728386851724 313.0
308.3496932426698 314.0
315.0 311.4863245079239
312.90812869614456 303.0
315.25585355326166 298.0
324.2482629274143 297.0
333.24067230156675 296.0
342.45770685228496 295.54229314771504
348.6949801563938 289.3050198436062
353.0 281.6815945125875
354.0 272.68918513843505
354.0 263.2825622019093
357.0 255.11857995250307
360.0321042720217 246.96789572797832
366.9764843573172 241.0235156426828
366.3217762445064 235.32177624450637
362.0 228.29107807962419
364.91012967659253 220.0898703234075
367.0 211.54890001843842
368.3136084729451 202.68639152705495
371.0 194.39250839487977
375.2526211752305 197.25262117523047
378.0 205.5212425415598
380.7774203151428 213.77742031514282
378.106626724308 221.89337327569203
374.0 229.59897572740556
372.0 238.17717153918488
372.0 247.58379447571065
373.0 256.5762038498631
374.40207026657373 265.40207026657373
377.0 273.7325954734217
381.0 281.48236416045506
385.0 289.2321328474882
389.98720245233113 295.98720245233113
394.81026219406687 302.81026219406687
402.0672253462146 308.0
409.81699403324774 312.0
417.9809762826542 315.0
426.1449585320604 318.0
434.7231543438397 320.0
443.30135015561905 322.0
451.8795459673986 320.0
460.0307790972756 316.9692209027244
468.62172402858437 315.0
477.1413646748147 312.8586353251853
485.3639020897699 310.0
492.6994572144299 305.0
499.73186424358244 299.26813575641756
505.67624432887794 292.32375567112206
512.3277311953601 285.67226880463994
517.0 278.7867494116758
517.0 269.38012647515006
518.0 260.38771710099763
520.0 251.80952128921808
520.1635718137583 243.16357181375832
518.0 234.65312966565943
516.0 226.0749338538801
514.0 217.49673804210056
512.0 208.91854223032124
508.1193409169439 201.11934091694388
501.1749608316484 195.17496083164838
493.05900787109886 192.05900787109886
485.23594812936295 188.23594812936295
476.82710195 185.82710194999999
468.4182557706373 183.41825577063733
459.5990936092235 182.0
451.02089779744415 180.0
442.6059307949216 177.60593079492165
434.2787197362584 175.0
425.70052392447883 175.0
417.0 175.70609901204648
413.0 173.12991873854708
414.0 164.13750936439465
409.5670672811175 156.5670672811175
405.0 149.0521855527013
404.0 140.05977617854887
404.9523644757844 131.0476355242156
406.0 122.07495743024378
402.2299431654898 114.22994316548979
394.74699293143135 115.0
386.58301068202513 112.0
380.0 107.41902843261869
376.0 99.66925974558558
371.6501783627427 92.65017836274268
368.53422540219333 84.53422540219331
365.0 76.5915265597398
360.8881059187215 68.88810591872151
355.65083261461234 61.650832614612355
350.8277728728765 54.82777287287647
344.42087893635335 49.0
337.060333045845 44.06033304584504
329.7497686870331 39.0
322.0 35.0
