333.0 42.0
325.42604943704305 46.0
317.60252489210774 49.397475107892284
310.69236187350225 55.0
303.37662265946926 59.62337734053076
299.0 67.04132569003852
294.0 74.20106269062236
292.5480171271154 81.54801712711537
300.76317737890935 84.0
308.82417189144803 81.17582810855197
316.23001622658074 76.76998377341927
324.22164699934035 73.77835300065968
331.92038455328645 75.92038455328645
339.32622888841917 80.32622888841917
344.4391800047384 87.43918000473839
347.430810777498 95.43081077749795
350.0 103.59742256968414
351.0 112.41401381976033
351.0 121.64481863220968
355.0 129.21876919516657
347.26788960819647 130.26788960819647
341.4478317106907 123.44783171069069
333.2309519912164 121.0
324.4143607411402 120.0
316.30136651715816 122.69863348284186
308.43803249048017 126.0
300.8640819275233 130.0
292.46170423982016 132.0
284.3348434261199 134.66515657388013
276.4853759891602 138.0
268.4972118638302 141.0
260.6528443266546 144.3471556733454
253.34931073791637 149.0
246.4269420940162 154.5730579059838
241.0210977588835 160.9789022411165
235.04167261141868 166.0
227.05350848608867 169.0
218.65113079838557 171.0
210.4687882302183 173.5312117697817
202.67480254772562 177.0
194.27242486002245 179.0
185.87004717231935 181.0
177.05345592224313 182.0
169.63195470998008 177.63195470998008
162.5190035936608 172.5190035936608
154.3316042333724 170.0
145.51501298329617 171.0
137.11263529559307 173.0
127.8818304831438 173.0
119.06523923306753 172.0
110.66286154536448 170.0
101.8462702952882 169.0
93.4438926075851 167.0
87.0 170.7158443929987
81.38087045911699 177.619129540883
74.55046804346057 182.0
66.97651748050362 186.0
59.402566917546665 190.0
52.171706680959446 194.82829331904054
46.0587555646402 200.9412444353598
44.0 209.31928477132396
41.0 217.30744889665402
37.790970027548006 225.209029972452
33.38512569241539 232.6148743075846
31.0 240.85772771027098
29.0 249.26010539797403
27.945767280069433 258.05423271993055
26.0 266.47907433575335
29.0 274.4672384610833
31.0 282.86961614878646
33.19232868622276 291.19232868622277
40.01238658372847 297.01238658372847
46.12533770004771 303.12533770004774
52.65250237874 309.65250237874
60.05834671387271 314.0583467138727
67.75708426781878 317.7570842678188
75.64462940236547 321.0
83.63279352769553 324.0
92.0248698049109 326.0248698049109
100.43754890310174 326.0
108.83992659080491 324.0
117.65651784088107 323.0
126.88732265333044 323.0
134.61906263802993 319.3809373619701
142.3178001919761 315.68219980802394
149.13785808948182 309.8621419105182
155.6650227681741 303.3349772318259
162.4850806656799 297.5149193343201
168.30513856318575 290.6948614368142
172.71098289831835 283.2890171016816
180.5794322203741 280.0
188.98180990807714 280.0
191.271661654224 288.27166165422403
197.54392459636415 294.0
205.9463022840672 296.0
214.76289353414336 295.0
223.40975762051605 296.409757620516
231.98186247192268 298.0
241.21266728437206 298.0
250.44347209682132 298.0
259.6742769092706 298.0
268.90508172171997 298.0
277.72167297179624 297.0
286.5382642218725 296.0
295.35485547194867 295.0
304.1714467220248 294.0
313.4022515344741 294.0
322.63305634692347 294.0
331.86386115937285 294.0
339.60247285655583 290.39752714344417
347.0117622852865 286.0
353.0 280.4142871517565
357.0 272.8403365887996
358.69031629115375 264.30968370884625
359.0 255.20715408864703
357.56906285044647 246.56906285044647
357.0 237.57397158849471
360.0 230.17159390079155
362.0 221.76921621308838
364.4477127722862 213.5522872277138
366.7322367638591 205.2677632361409
368.30965397424563 196.6903460257544
370.0 188.15970546227595
372.0 179.7573277745728
375.0 171.76916364924273
380.8047869137142 166.0
388.26780783804355 170.26780783804352
393.38075895436276 177.38075895436276
396.2133967105046 184.78660328949545
393.0 192.68637560316847
387.4017080402393 199.59829195976067
381.58165014273374 206.4183498572663
377.175805807601 213.82419419239898
376.0 222.56796429262295
376.0 231.79876910507232
375.0 240.6153603551486
375.0 249.84616516759775
375.0 259.0769699800471
375.0 268.3077747924965
378.9163671967987 275.9163671967987
381.0 284.2841030431566
384.89962874231776 291.89962874231776
390.7196866398236 298.7196866398236
398.12553097495623 303.12553097495623
405.53137531008895 307.53137531008895
413.52300608284855 310.52300608284855
420.31359285852477 315.0
428.21337440955415 318.21337440955415
437.1183482339311 319.0
445.93493948400715 320.0
455.1657442964565 320.0
463.98233554653257 319.0
472.79892679660884 318.0
481.14234376594027 315.85765623405973
488.8410813198864 312.1589186801136
495.0 306.0650079521472
501.4811971148979 299.5188028851021
508.59414823121705 294.40585176878295
515.1213129099094 287.8786870900906
519.0 280.25448707455826
521.0 271.8521093868551
522.0 263.03551813677905
521.8619114673581 253.86191146735814
521.0 244.9881220742534
521.0 235.75731726180402
520.0 226.94072601172775
518.0 218.5383483240248
515.0 210.55018419869475
508.8618742991064 203.86187429910638
502.0591373222733 198.0
495.8994003216894 192.0
487.93723451252197 188.93723451252197
480.33728563340264 185.0
472.53975940462965 181.53975940462965
464.54812863187004 178.54812863187004
456.37279325741247 176.0
448.3846291320824 173.0
439.98744987596444 170.98744987596444
431.7029258843914 168.7029258843914
423.41840189281834 166.4184018928183
414.8409846824318 164.84098468243178
406.5564606908587 162.55646069085873
404.0 154.38457656823698
402.0 145.98219888053382
402.2971112838603 137.70288871613968
403.0 128.76322994275438
402.0 119.9466386926781
396.2635303037937 115.73646969620629
387.9703104420182 118.0
379.9821463166884 115.0
375.9957447667016 107.99574476670159
371.0 100.83424519077448
367.8911628776229 92.8911628776229
362.0711049801171 86.07110498011711
356.6652606449844 79.66526064498443
351.2594163098517 73.25941630985172
346.5606787559056 66.56067875590558
343.0 58.80475537540633
341.0 50.402377687703165
339.0 42.0
