328.0 40.0
320.67667812206304 45.0
313.1285402528365 50.87145974716351
309.0 59.14153850906476
306.0 67.87907394937486
300.85688453802396 75.14311546197607
294.0 80.52571770524882
302.1861480843934 83.8138519156066
309.8289847391617 78.1710152608383
318.0814697766867 74.0
325.5791241427656 78.57912414276556
325.1922527648392 85.80774723516079
316.963629672444 86.03637032755601
317.14367307639156 95.1436730763916
325.5265062911178 99.0
329.1867056988089 90.8132943011911
331.0 81.58420926588897
337.32489904967485 85.0
342.0 92.6482209276119
348.39409128720314 99.39409128720317
351.0 108.29486468348583
354.3158035660608 116.31580356606081
358.0 124.76993556410596
353.6411638115219 132.3588361884781
346.0 128.5834206800201
339.7697040643584 121.76970406435841
331.35099048651927 118.0
321.37081435908993 118.0
311.86200938022483 119.1379906197752
303.89574347846985 124.0
295.1582080381598 127.0
287.17614010303924 129.82385989696073
279.24041022945755 134.75958977054245
271.3046803558758 139.69531964412423
263.0760572634806 143.9239427365194
254.84743417108535 148.15256582891465
247.49749073513053 154.50250926486947
243.0 162.61976373316043
236.05691438890256 168.0
226.90516538621944 170.0
218.9972119279228 175.0027880720772
209.88990917908723 177.11009082091277
200.69255906528923 179.0
191.54081006260606 181.0
181.56063393517667 181.0
172.40888493249355 179.0
163.76760899728254 175.76760899728254
155.8318791237008 170.8318791237008
146.19627861156334 170.0
137.45874317125327 173.0
127.8927806061971 172.0
118.32681804114077 171.0
108.76085547608454 170.0
98.84491688017985 169.84491688017985
89.21471678359899 169.0
82.7839021798643 173.7839021798643
87.84614053464804 180.0
82.17306519771832 184.82693480228167
73.35865566769634 187.64134433230367
63.95845970004727 189.04154029995271
55.6179312664849 193.0
48.79410673407042 199.20589326592957
43.0 206.7860718022697
38.922646986906955 215.07735301309305
35.40113067569834 223.59886932430166
30.0 231.34182387370743
27.650991272094497 240.3490087279055
26.0 249.64532187907366
27.149400663203473 259.1494006632035
29.96381019322563 267.96381019322564
31.0 277.51478244949635
33.0 286.66653145217936
36.28571843973229 295.2857184397323
41.22144831331399 303.221448313314
48.86428496808224 308.86428496808225
55.80001484166409 314.8000148416641
64.86892727949112 317.0
73.60646271980113 320.0
82.75821172248425 322.0
92.22922583700627 323.22922583700625
101.89013685259681 324.0
111.02961777230423 323.9703822276958
120.4298137399533 322.5701862600467
128.93117029827317 319.0
137.66870573858318 316.0
145.70146945476577 311.2985305452342
151.901135932084 305.0
159.15871563955608 299.8412843604439
164.80155229432438 292.1984477056756
167.0 283.12889843410517
173.60863700620484 282.0
181.93195888414175 286.0
189.84106719970578 291.0
198.99492028799452 292.99492028799455
203.7303516426989 300.0
213.71052777012835 300.0
223.69070389755768 300.0
233.670880024987 300.0
243.23684259004335 299.0
252.80280515509958 298.0
262.7829812825288 298.0
272.76315740995824 298.0
282.7433335373877 298.0
291.34002571499235 294.65997428500765
298.0 298.8041908556347
297.0 308.3701534206907
302.78325430505856 314.78325430505856
311.8905570538941 313.1094429461059
309.88081985371076 304.88081985371076
313.9060816195581 299.0
323.04089242514686 299.04089242514686
331.6237931872972 301.0
339.0 296.05288493476564
346.60544135877285 290.39455864122715
351.0 282.8204547412647
354.0 274.0829193009549
357.0 265.3453838606449
355.0 256.19363485796157
361.0 248.69874010477088
364.5583539927888 240.5583539927888
363.45105124395326 232.45105124395326
360.0 226.48613378384084
361.0 216.92017121878462
362.0 207.35420865372816
361.5573741545437 197.55737415454368
362.0 188.22228352361572
366.778551686687 180.221448313313
372.42138834145527 172.57861165854476
378.65001143385035 166.34998856614962
386.4141497386397 167.0
390.8143643998274 174.81436439982738
395.75009427340893 182.75009427340893
396.0 191.79832893482353
390.4997663229871 199.50023367701286
386.0 207.61654556595113
379.21409301345045 214.78590698654952
376.0 223.43476219707873
375.0 233.00072476213518
375.0 242.9809008895645
375.0 252.96107701699384
375.0 262.9412531444234
375.0 272.9214292718525
377.7588516353462 281.7588516353462
383.0 289.56807302772654
389.75163172606943 296.75163172606943
397.1436489717348 303.0
405.03730503560587 308.03730503560587
413.265928128001 312.265928128001
421.49455122039615 316.49455122039615
429.19429579636335 322.0
438.34604479904647 322.0
448.32622092647557 322.0
457.4779699291589 322.0
467.32395818338745 321.67604181661255
475.78146793452515 318.0
484.07409758699134 313.92590241300866
492.30272067938637 309.69727932061363
500.23845055296806 304.76154944703194
505.1741804265499 296.8258195734501
511.5241238625047 289.4758761374953
516.0 281.3496686097187
519.0 272.6121331694087
521.3815660149439 263.618433985056
523.0 254.30863516404224
522.5251488309444 244.52514883094443
522.0 234.7624964715567
520.0 225.61074746887357
516.9103473656244 216.9103473656244
512.0 208.96410371299976
506.33178083727427 201.3317808372743
501.39605096369263 193.3960509636926
494.82256520393526 188.0
487.91345688837123 182.0
478.7617078856881 180.0
469.1957453206319 179.0
460.45820988032165 176.0
451.72067444001163 173.0
441.74049831258253 173.0
432.1745357475261 172.0
423.01611266179964 173.9838873382004
416.0 175.28525130453295
412.6801868205688 166.6801868205688
407.63860754865914 159.0
402.5158338545921 151.5158338545921
401.0 142.1635366680389
400.0 132.59757410298266
400.0 123.44582510029954
397.8798625352433 115.0
389.1423270949333 118.0
381.0 119.81900521699617
375.35050105037 113.35050105036999
369.0 106.58657502349547
366.0 97.84903958318546
363.0 89.11150414287545
360.0 80.37396870256543
358.0 71.22221969988209
352.0 63.7273249466914
346.87145974716356 55.871459747163534
341.0 48.323321877936905
337.0 40.0
