334.0 42.0
325.363969739742 44.636030260258
317.02946188447305 48.0
311.0 54.627380048544204
306.50613149066214 62.49386850933786
301.45588766803104 69.54411233196896
293.5736670276578 74.0
293.154242717225 83.0
301.74509633155645 80.25490366844356
310.38112659181445 77.61887340818555
319.0242634528885 75.0
327.9237460730251 73.0
333.8750038102154 77.87500381021538
339.21814085165994 84.21814085165994
344.0 91.9653396839424
348.0 100.03639517933274
349.36887231955325 108.36887231955322
352.0 117.0069332948596
351.09358408500384 125.0
342.19410146486734 123.0
334.12304596947695 119.0
324.86518994152993 118.13481005847005
315.9362664624585 120.06373353754151
307.01038454669424 122.0
298.52511548893085 125.0
290.03984643116746 128.0
281.97793185905346 132.02206814094652
273.63479481760896 135.36520518239107
265.8774442137913 140.1225557862087
258.1200936099737 144.87990639002632
250.36274300615608 149.63725699384392
243.89828562115187 156.10171437884813
238.8480417985208 163.1519582014792
231.38358441351664 168.61641558648336
223.33334059088554 172.66665940911446
214.69731033062757 175.30268966937243
206.50087666899293 179.0
197.60139404885638 181.0
188.70191142871988 183.0
179.38821524621022 184.0
169.75979971645688 183.75979971645688
162.88112876907957 176.88112876907957
154.76083519766604 173.0
145.44713901515638 172.0
137.26593120711905 174.26593120711905
128.92279416567453 170.92279416567453
119.9913318418661 169.0
110.67763565935644 168.0
100.94972591447373 168.0
91.74263415532147 169.25736584467853
83.399497113877 172.600502886123
82.33450838356282 176.0
84.0 182.40556387895316
76.07719277072998 185.92280722927003
67.2096844431469 188.0
60.390918687840895 193.6090813121591
52.63356808402325 198.36643191597676
46.0 204.17505491827797
40.825973657574636 211.17402634242538
33.654409491383866 217.34559050861614
33.0 226.80243496682192
33.0 236.53034471170474
30.0 245.01561376946813
27.0 253.50088282723152
25.0 262.40036544736813
28.0 270.88563450513163
31.0 279.3709035628949
34.0 287.8561726206584
39.36275606975143 295.3627560697514
45.534320235942246 302.53432023594223
52.70588440213297 308.705884402133
60.17034178713709 314.1703417871371
67.92769239095476 318.92769239095475
75.9779362135858 322.9779362135858
84.86827971415232 325.0
94.59618945903503 325.0
104.2291727448674 324.7708272551326
112.80936826168124 322.0
121.70885088181774 320.0
130.4301567444548 317.5698432555452
139.09360255971774 315.0
147.40932404615734 311.59067595384266
152.0 303.7642864495016
156.21691847260595 295.7830815273941
162.38848263879672 288.6115173612033
170.20623934955017 284.0
178.7818635028724 282.7818635028724
187.1250005443169 286.1250005443169
194.24783296046735 291.0
201.0 295.73310201823074
207.04679820074045 300.0
216.36049438325006 301.0
226.08840412813277 301.0
235.8163138730156 301.0
245.1300100555252 300.0
254.0294926756618 298.0
263.3431888581713 297.0
273.0710986030541 297.0
281.97919778342396 296.97919778342396
290.8700638433272 299.0
297.3725786474994 305.3725786474994
300.0121748341078 314.0
308.9116574542444 316.0
313.0 309.188859925619
306.0833003114685 304.0833003114685
303.55272994878936 296.44727005121064
313.09537437241727 296.0
321.9948569925541 296.0
327.4801260503175 302.0
334.9755306462619 298.0244693537381
343.4506641658443 295.0
348.2475911667777 288.7524088332223
353.0 281.5787977186287
356.2267584684803 273.7732415315197
359.0 265.1940460407286
356.0 256.70877698296545
356.25616959281376 248.7438304071862
364.01352019663153 243.98647980336847
364.5220224183643 236.52202241836434
359.0 231.6671956885234
360.0 222.3534995060138
361.67896158122295 213.32103841877702
365.0 204.9687478281137
366.95102210173906 196.04897789826097
369.587052361997 187.412947638003
370.0 178.68451353007708
375.273326444886 171.72667355511402
383.61646348633064 171.61646348633064
389.37381409014824 178.37381409014822
395.0 185.77128132673784
392.2830575774703 192.71694242252974
386.52570697365286 199.4742930263471
382.4754631510218 207.52453684897816
379.0 215.81286262117987
377.9105094116923 225.08949058830768
377.0 234.4402549861993
374.0526624535495 242.9473375464505
373.1691542443354 252.16915424433537
376.0 260.7244892842357
379.0 269.2097583419991
381.0772450251094 278.0772450251094
385.0 286.18029645752586
388.47062588918493 294.47062588918493
394.6421900553758 301.6421900553758
401.81375422156646 307.81375422156646
409.3934506272217 313.0
417.62134864801504 316.62134864801504
425.94977518037535 320.0
435.2634713628852 321.0
444.1629539830217 323.0
452.64822304078507 320.0
462.3761327856678 320.0
470.60910308481675 317.60910308481675
479.24513334507475 315.75486665492525
486.709590730079 310.290409269921
495.0527277715235 306.9472722284765
501.22429193771416 299.77570806228584
506.98164254153176 293.01835745846824
511.0 284.9549058713462
515.0 276.8838503759557
518.0 268.3985813181923
519.0 259.0848851356827
519.0 249.35697539080002
519.0 239.6290656459173
520.0 230.31536946340748
519.0 221.00167328089788
514.9509393656389 212.95093936563885
508.779375199448 205.77937519944797
502.60781103325735 198.60781103325732
496.20273267357516 192.0
489.0 186.54589074055798
481.3357592218046 182.3357592218046
473.2855153991734 178.28551539917342
464.9423783577289 174.94237835772893
457.1850277539113 170.18502775391133
449.8418907124667 166.1581092875333
442.11955776821605 171.0
433.22007514807956 173.0
424.5195863693197 175.48041363068026
416.0 173.83532347017967
409.12620550524406 168.12620550524403
402.36885490142646 162.36885490142646
396.90439751642236 154.90439751642234
395.5600598685818 148.4399401314182
401.0 141.55111380509356
403.0 132.65163118495684
403.0 123.75214856482035
398.8958190903864 116.8958190903864
390.78161044929357 119.0
381.46791426678396 120.0
375.81107233376656 113.0
370.0 106.15423040074938
365.0 98.49738846773243
360.59435615459984 90.59435615459985
355.12989876959574 83.12989876959571
351.0 75.11264910630757
347.0294111243335 67.02941112433348
343.0 58.970538115527006
340.3431370414445 50.34313704144449
337.0 42.0
